312
temple0001.png 1520.400000 0.000000 302.320000 0.000000 1525.900000 246.870000 0.000000 0.000000 1.000000 0.01551372092999463200 0.99884343581246959000 -0.04550950666890610900 0.99922238739871228000 -0.01713749902859566800 -0.03550952897832390700 -0.03624837905512174500 -0.04492323298011671700 -0.99833258894743582000 -0.05998547900141842900 0.00400788029504099870 0.57088647431543438000
temple0002.png 1520.400000 0.000000 302.320000 0.000000 1525.900000 246.870000 0.000000 0.000000 1.000000 0.01614490437974924100 0.99884677638989772000 -0.04521569813768747100 0.99856922398083869000 -0.01380176413826810800 0.05166252244109931900 0.05097888759941932700 -0.04598509108593063600 -0.99764047853770654000 -0.05998004112555456500 0.00374555199382083440 0.57175508950314680000
temple0003.png 1520.400000 0.000000 302.320000 0.000000 1525.900000 246.870000 0.000000 0.000000 1.000000 0.01705593519923021000 0.99885654318139749000 -0.04466207807736556600 0.98284888271077153000 -0.00854576872467372430 0.18421466714431800000 0.18362235383707279000 -0.04703802696344126100 -0.98187079353177587000 -0.05997257241836466400 0.00319966369542803480 0.57303277427659483000
temple0004.png 1520.400000 0.000000 302.320000 0.000000 1525.900000 246.870000 0.000000 0.000000 1.000000 0.01788505689126488500 0.99887177423481233000 -0.04399208311724346600 0.94958883957466222000 -0.00319634059872218580 0.31348176846831644000 0.31298747657892384000 -0.04738103042120549200 -0.94857465571297128000 -0.05996626278058045400 0.00248834548056095330 0.57422630487327464000
temple0005.png 1520.400000 0.000000 302.320000 0.000000 1525.900000 246.870000 0.000000 0.000000 1.000000 0.01861747354525196400 0.99889219774769511000 -0.04321766950648040600 0.89938262942941383000 0.00215105818488446920 0.43715701850630145000 0.43676569869831283000 -0.04700798046571205700 -0.89834624405799657000 -0.05996122480946898500 0.00162429102352259700 0.57531438240283272000
temple0006.png 1520.400000 0.000000 302.320000 0.000000 1525.900000 246.870000 0.000000 0.000000 1.000000 0.01924011535779444200 0.99891744926724912000 -0.04235265647431638700 0.83312617031885461000 0.00740100454912214450 0.55303346143023058000 0.55274822685455760000 -0.04592553408591527200 -0.83208187279141332000 -0.05995754840644305900 0.00062291917342887238 0.57627759037697035000
temple0007.png 1520.400000 0.000000 302.320000 0.000000 1525.900000 246.870000 0.000000 0.000000 1.000000 0.01987998005233634200 0.99918298475008627000 -0.03518734685973922600 0.04907743562408647300 0.03417662870152198700 0.99821007977437393000 0.99859711180519761000 -0.02157130122424687900 -0.04835790791391258300 -0.05997218849394168900 -0.00850933196149366090 0.57842790571490921000
temple0008.png 1520.400000 0.000000 302.320000 0.000000 1525.900000 246.870000 0.000000 0.000000 1.000000 0.01942040357844943700 0.99922540321420728000 -0.03422632753093731600 -0.08447580493476965200 0.03575027528962152600 0.99578399073159374000 0.99623626028441281000 -0.01644723040882951200 0.08510465502195503600 -0.05997959582765699500 -0.00983525467336987540 0.57801269156163460000
temple0009.png 1520.400000 0.000000 302.320000 0.000000 1525.900000 246.870000 0.000000 0.000000 1.000000 0.01883672393730216300 0.99926670361711012000 -0.03333515971919732300 -0.21652229245214624000 0.03662688978150998400 0.97559036886195227000 0.97609593519416771000 -0.01115912125248433800 0.21705344804977231000 -0.05998803689773742100 -0.01109399862339756000 0.57742445639368323000
temple0010.png 1520.400000 0.000000 302.320000 0.000000 1525.900000 246.870000 0.000000 0.000000 1.000000 0.01813935675518470200 0.99930614896279235000 -0.03252974610509017800 -0.34470568833071069000 0.03679082919719560400 0.93798956461116001000 0.93853553591164507000 -0.00580133882274383800 0.34513387590745798000 -0.05999736107526726400 -0.01226310182103555400 0.57667369712965277000
temple0011.png 1520.400000 0.000000 302.320000 0.000000 1525.900000 246.870000 0.000000 0.000000 1.000000 0.01734074674628317100 0.99934303533792734000 -0.03182445952187531300 -0.46673852369320579000 0.03623916799153605700 0.88365257494332439000 0.88422533836289030000 -0.00046949425921892843 0.46706030721114866000 -0.06000740196766692100 -0.01332170128976049500 0.57577381128050020000
temple0012.png 1520.400000 0.000000 302.320000 0.000000 1525.900000 246.870000 0.000000 0.000000 1.000000 0.01645514503951313300 0.99937670450964389000 -0.03123188571272313800 -0.58044313700527150000 0.03498175063874183600 0.81354904082404789000 0.81413450541369869000 0.00474126625416664870 0.58065697919606463000 -0.06001798039615864600 -0.01425090645823723700 0.57474085724089485000
temple0013.png 1520.400000 0.000000 302.320000 0.000000 1525.900000 246.870000 0.000000 0.000000 1.000000 0.00926810117343178540 0.99948149867584823000 -0.03083563045114108900 -0.99983453485743168000 0.00974525908319584870 0.01536010520224960800 0.01565264217510319000 0.03068816922010331200 0.99940643937431994000 -0.06009087964566607600 -0.01609469239302158800 0.56554209518601328000
temple0014.png 1520.400000 0.000000 302.320000 0.000000 1525.900000 246.870000 0.000000 0.000000 1.000000 0.00832213195757514760 0.99947453560906963000 -0.03132722120960162300 -0.99300906460040839000 0.00457132232385024790 -0.11794956817908751000 -0.11774438305542417000 0.03208980650060196100 0.99252531684468948000 -0.06009887911208734700 -0.01563536395948961200 0.56423080513614021000
temple0015.png 1520.400000 0.000000 302.320000 0.000000 1525.900000 246.870000 0.000000 0.000000 1.000000 0.00745010831044154530 0.99946200871171520000 -0.03194039805804100400 -0.96846405882348463000 -0.00074325789434934566 -0.24915219110985987000 -0.24904188935459098000 0.03278933835328044100 0.96793749624500525000 -0.06010578370381494700 -0.01500535377265941600 0.56299243193284298000
temple0016.png 1520.400000 0.000000 302.320000 0.000000 1525.900000 246.870000 0.000000 0.000000 1.000000 0.00666759174012943740 0.99944414152980365000 -0.03266421868253902700 -0.92663753008220306000 -0.00610364138745005290 -0.37590641575393097000 -0.37589683566577248000 0.03277428143479550100 0.92608175417340555000 -0.06011147020646080700 -0.01421590454212574800 0.56184907469544620000
temple0017.png 1520.400000 0.000000 302.320000 0.000000 1525.900000 246.870000 0.000000 0.000000 1.000000 0.00451744848021544410 0.99928883380842837000 -0.03743553505721326800 -0.49430884062748598000 -0.03031095235279428200 -0.86875774312806953000 -0.86927461871191136000 0.02242928427877000100 0.49382037672619677000 -0.06011892998434040200 -0.00845439282053204320 0.55819297972625992000
temple0018.png 1520.400000 0.000000 302.320000 0.000000 1525.900000 246.870000 0.000000 0.000000 1.000000 0.00449381910216094080 0.99924847199105826000 -0.03850060796159236700 -0.37404383441657651000 -0.03402653417762476600 -0.92678660160082338000 -0.92740013776407293000 0.01856572636322399000 0.37360982090917277000 -0.06011604035101272800 -0.00708369792605736530 0.55796556962866006000
temple0019.png 1520.400000 0.000000 302.320000 0.000000 1525.900000 246.870000 0.000000 0.000000 1.000000 0.00461245172641850180 0.99920658045522903000 -0.03955925762750589500 -0.24710474487948555000 -0.03719397918278116000 -0.96827467847227866000 -0.96897779662235584000 0.01424140047603347600 0.24673713171179856000 -0.06011174959948922800 -0.00569492603555562560 0.55792287979598687000
temple0020.png 1520.400000 0.000000 302.320000 0.000000 1525.900000 246.870000 0.000000 0.000000 1.000000 0.00487122939401516890 0.99916390675070932000 -0.04059259256133682100 -0.11575678546521076000 -0.03975676453700795900 -0.99248162012820662000 -0.99326564308998011000 0.00953347366958769670 0.11546633767830011000 -0.06010613429750766300 -0.00431285963436776020 0.55806567205989777000
temple0021.png 1520.400000 0.000000 302.320000 0.000000 1525.900000 246.870000 0.000000 0.000000 1.000000 0.00526553414443663420 0.99912121240180041000 -0.04158217260954793400 0.01765610241954488800 -0.04166915661235195300 -0.99897544686271722000 -0.99983025369185752000 0.00452596022648811030 -0.01785999682261825400 -0.06009929465171674800 -0.00296216208749009500 0.55839139825214246000
temple0022.png 1520.400000 0.000000 302.320000 0.000000 1525.900000 246.870000 0.000000 0.000000 1.000000 0.00578832970189852890 0.99907925927914421000 -0.04251033894829173200 0.15075319708339233000 -0.04289702922079340800 -0.98764027786090514000 -0.98855448449157213000 -0.00069178195042004023 -0.15086269462440041000 -0.06009135271399132500 -0.00166693627583122240 0.55889424586522152000
temple0023.png 1520.400000 0.000000 302.320000 0.000000 1525.900000 246.870000 0.000000 0.000000 1.000000 0.00643028663212688500 0.99903879604805523000 -0.04336052818729257300 0.28115934330743286000 -0.04341847062908638800 -0.95867839241278607000 -0.95963955477291651000 -0.00602664077936178150 -0.28116828504679309000 -0.06008245021045159600 -0.00045029586955790384 0.55956524144155850000
temple0024.png 1520.400000 0.000000 302.320000 0.000000 1525.900000 246.870000 0.000000 0.000000 1.000000 0.01308847682528127600 0.99885150004555567000 -0.04609091701341420200 0.93927610802339279000 -0.02808954467220991700 -0.34201077523454665000 -0.34291264874720179000 -0.03881569704193503500 -0.93856499881059197000 -0.06000798005568980200 0.00430897183534772500 0.56765016007598579000
temple0025.png 1520.400000 0.000000 302.320000 0.000000 1525.900000 246.870000 0.000000 0.000000 1.000000 0.01414331593280255400 0.99884423212062357000 -0.04593654943274364700 0.97658669658034036000 -0.02366162716875707500 -0.21381896890132296000 -0.21465877731116217000 -0.04183691383322514500 -0.97579264291353829000 -0.05999790432943062600 0.00430519954338218040 0.56903955290947950000
temple0026.png 1520.400000 0.000000 302.320000 0.000000 1525.900000 246.870000 0.000000 0.000000 1.000000 0.01516822169515627900 0.99884264814658297000 -0.04564306403089212600 0.99646933902146695000 -0.01887053418862871500 -0.08180928632836333100 -0.08257591319947317500 -0.04424101245402645800 -0.99560230583115639000 -0.05998853562365262500 0.00411626909045480740 0.57041605071581636000
temple0027.png 1520.400000 0.000000 302.320000 0.000000 1525.900000 246.870000 0.000000 0.000000 1.000000 0.01614490437974924100 0.99884677638989772000 -0.04521569813768747100 0.99856922398083869000 -0.01380176413826811700 0.05166252244109907600 0.05097888759941908400 -0.04598509108593063600 -0.99764047853770654000 -0.05998004112555456500 0.00374555199382083610 0.57175508950314680000
temple0028.png 1520.400000 0.000000 302.320000 0.000000 1525.900000 246.870000 0.000000 0.000000 1.000000 0.02187598221295043000 0.98329680886213122000 -0.18068986436368856000 0.99856708067455469000 -0.01266114646423925600 0.05199500709979997700 0.04883878372068499500 -0.18156839221560722000 -0.98216479887691122000 -0.05885605236275107100 0.00367132101070460210 0.58053175847405269000
temple0029.png 1520.400000 0.000000 302.320000 0.000000 1525.900000 246.870000 0.000000 0.000000 1.000000 0.00272557078828676410 0.98353557606148900000 -0.18069405603193772000 0.99651741905514424000 -0.01773058775937118300 -0.08147797111723514800 -0.08334029507718225500 -0.17984270037758626000 -0.98015865977776562000 -0.05904718709309755800 0.00404254283603822790 0.57920654525820348000
temple0030.png 1520.400000 0.000000 302.320000 0.000000 1525.900000 246.870000 0.000000 0.000000 1.000000 -0.01625331773280620100 0.98386957700862299000 -0.17814736905031653000 0.97668439268305030000 -0.02252259937820530100 -0.21349550254417543000 -0.21406407160478280000 -0.17746376518636725000 -0.96056399333613396000 -0.05924409541808607600 0.00423199155718598060 0.57784424389905154000
temple0031.png 1520.400000 0.000000 302.320000 0.000000 1525.900000 246.870000 0.000000 0.000000 1.000000 -0.03472199972816788400 0.98429285136236500000 -0.17309524976677537000 0.93942192751145170000 -0.02695166652093134900 -0.34170169707277304000 -0.34099974317519038000 -0.17447403941185566000 -0.92373047190496216000 -0.05944326345308284500 0.00423628640824996910 0.57646916504883960000
temple0032.png 1520.400000 0.000000 302.320000 0.000000 1525.900000 246.870000 0.000000 0.000000 1.000000 -0.05235090589954815400 0.98479784589115438000 -0.16562785206491965000 0.88539496349116698000 -0.03093875352325572600 -0.46380874523331522000 -0.46188217250287084000 -0.17092687400923678000 -0.87031538103463302000 -0.05964113709121958400 0.00405535074862034550 0.57510584666711573000
temple0033.png 1520.400000 0.000000 302.320000 0.000000 1525.900000 246.870000 0.000000 0.000000 1.000000 -0.12459423323539082000 0.98895928871004091000 -0.08022345242268591500 0.28153512590579682000 -0.04229297064421112100 -0.95861842122676455000 -0.95142748011905343000 -0.14202404693648824000 -0.27315731761402628000 -0.06061284491958134100 -0.00051995494204833993 0.56846714457728675000
temple0034.png 1520.400000 0.000000 302.320000 0.000000 1525.900000 246.870000 0.000000 0.000000 1.000000 -0.12902889964175443000 0.98972522526380413000 -0.06160780416270468500 0.15113946088460242000 -0.04177353409104934300 -0.98762940175607139000 -0.98005530783764949000 -0.13674410526986550000 -0.14419654383234767000 -0.06071173703916238300 -0.00173634666082642630 0.56780296106997652000
temple0035.png 1520.400000 0.000000 302.320000 0.000000 1525.900000 246.870000 0.000000 0.000000 1.000000 -0.13094087941651120000 0.99047594118902094000 -0.04256637197781731200 0.01804620524972981900 -0.04054762015799551900 -0.99901462700783672000 -0.99122591802964632000 -0.13158001529581215000 -0.01256499108788178600 -0.06078669880601844700 -0.00303138726230027130 0.56730518675004260000
temple0036.png 1520.400000 0.000000 302.320000 0.000000 1525.900000 246.870000 0.000000 0.000000 1.000000 -0.13029605274095349000 0.99119803974812748000 -0.02343895559951655200 -0.11536955428847780000 -0.03863710562518051000 -0.99257092442413708000 -0.98473996800343433000 -0.12662393165740077000 0.11938833840965069000 -0.06083639250626317300 -0.00438196638143114200 0.56698270454071353000
temple0037.png 1520.400000 0.000000 302.320000 0.000000 1525.900000 246.870000 0.000000 0.000000 1.000000 -0.12710592639585813000 0.99187863526170994000 -0.00456687928660556850 -0.24672704479464908000 -0.03607608317631801800 -0.96841328036616370000 -0.96071319801590616000 -0.12196429450467509000 0.24930876844593125000 -0.06085993136747169800 -0.00576398325062580860 0.56684126906137433000
temple0038.png 1520.400000 0.000000 302.320000 0.000000 1525.900000 246.870000 0.000000 0.000000 1.000000 -0.12142742908621770000 0.99250558231074071000 0.01371307943275649300 -0.37368215477705607000 -0.03291025497981744900 -0.92697279481025718000 -0.91957437255867858000 -0.11768425637773697000 0.37487783227890548000 -0.06085689533202227900 -0.00715277538880034100 0.56688340426807182000
temple0039.png 1520.400000 0.000000 302.320000 0.000000 1525.900000 246.870000 0.000000 0.000000 1.000000 -0.11336189346759781000 0.99306769310348053000 0.03107471678989884300 -0.49396938490232206000 -0.02919611501518744300 -0.86898897210910642000 -0.86205761285929272000 -0.11386019401947006000 0.49385476440871356000 -0.06082733858282753100 -0.00852355994928265250 0.56710835822676209000
temple0040.png 1520.400000 0.000000 302.320000 0.000000 1525.900000 246.870000 0.000000 0.000000 1.000000 0.11541167827420966000 0.99138900083137627000 0.06187078105613172400 -0.68405289691836879000 0.03416081723372646500 0.72863205583031487000 0.72024424935956100000 -0.12641553542381334000 0.68210507523987296000 -0.05863424055436991500 -0.01510911473843847700 0.58234944700298474000
temple0041.png 1520.400000 0.000000 302.320000 0.000000 1525.900000 246.870000 0.000000 0.000000 1.000000 0.12777196254899612000 0.99067700959105598000 0.04725873733079036200 -0.58073706790091917000 0.03610343749372974000 0.81329023095508723000 0.80400173106295025000 -0.13136058948124074000 0.57993586885009962000 -0.05846798872968923800 -0.01432631470601727200 0.58348527847797260000
temple0042.png 1520.400000 0.000000 302.320000 0.000000 1525.900000 246.870000 0.000000 0.000000 1.000000 0.13807231488914926000 0.98993281310425651000 0.03112975105337044400 -0.46705847237686349000 0.03736281839816532600 0.88343670015589459000 0.87337988254947896000 -0.13651756422101491000 0.46751527827122269000 -0.05831784630360391200 -0.01339749522449546600 0.58450766774769569000
temple0043.png 1520.400000 0.000000 302.320000 0.000000 1525.900000 246.870000 0.000000 0.000000 1.000000 0.14612892702451932000 0.98916969148300282000 0.01377164253398251200 -0.34504569459932793000 0.03791648656454157900 0.93781971011760457000 0.92714066102459869000 -0.14179443394584298000 0.34684943877257168000 -0.05818649254830701700 -0.01233923100547310700 0.58539837040847342000
temple0044.png 1520.400000 0.000000 302.320000 0.000000 1525.900000 246.870000 0.000000 0.000000 1.000000 0.15179802911763335000 0.98840126254897120000 -0.00450583483961328880 -0.21687603817600701000 0.03775456170465282800 0.97546879864789560000 0.96432470798019132000 -0.14709703349180536000 0.22009161800675056000 -0.05807627146146707200 -0.01117040663777968700 0.58614149193894027000
temple0045.png 1520.400000 0.000000 302.320000 0.000000 1525.900000 246.870000 0.000000 0.000000 1.000000 0.15497845444162242000 0.98764123913336677000 -0.02337651432514656000 -0.08483672679970129200 0.03687993341332458700 0.99571210713606428000 0.98426846360370535000 -0.15233073647342665000 0.08950384506078289100 -0.05798914996948692500 -0.00991188012213951170 0.58672377112565044000
temple0046.png 1520.400000 0.000000 302.320000 0.000000 1525.900000 246.870000 0.000000 0.000000 1.000000 0.15561344905257055000 0.98690318367577234000 -0.04250365307344607100 0.04871602898881084000 0.03530820922726550500 0.99818839849034746000 0.98661603625398486000 -0.15740214868860103000 -0.04258357188737407100 -0.05792668273495602000 -0.00858610956902809700 0.58713481733309458000
temple0047.png 1520.400000 0.000000 302.320000 0.000000 1525.900000 246.870000 0.000000 0.000000 1.000000 0.15369168129242777000 0.98620026698413343000 -0.06154592189520560800 0.18139894256925762000 0.03306743700817096200 0.98285348259263228000 0.97132553283451883000 -0.16222076935502000000 -0.17381349560262413000 -0.05788998450330500000 -0.00721675372814420750 0.58736729532568954000
temple0048.png 1520.400000 0.000000 302.320000 0.000000 1525.900000 246.870000 0.000000 0.000000 1.000000 0.14924744465611009000 0.98554503244193847000 -0.08016351596979645600 0.31084431847048910000 0.03019760281070211000 0.94998100742020297000 0.93866980879233486000 -0.16670061131713207000 -0.30184415887715305000 -0.05787971014586984500 -0.00582824843327655210 0.58741705658818655000
temple0049.png 1520.400000 0.000000 302.320000 0.000000 1525.900000 246.870000 0.000000 0.000000 1.000000 0.14236004780071046000 0.98494917289452277000 -0.09802419907642616300 0.43474216742556909000 0.02674991963607963000 0.90015759157026587000 0.88923161473954448000 -0.17076173053075644000 -0.42439081839012904000 -0.05789604301145877300 -0.00444537195329644180 0.58728321311681209000
temple0050.png 1520.400000 0.000000 302.320000 0.000000 1525.900000 246.870000 0.000000 0.000000 1.000000 0.13315239470762694000 0.98442332131574717000 -0.11480925151440334000 0.55088156138098920000 0.02278591058187676500 0.83427232221223668000 0.82389316365295051000 -0.17433165727608951000 -0.53926665774670712000 -0.05793869164391632400 -0.00309280139462590670 0.58696815331691898000
temple0051.png 1520.400000 0.000000 302.320000 0.000000 1525.900000 246.870000 0.000000 0.000000 1.000000 0.12178879854502510000 0.98397686167544829000 -0.13021913928564777000 0.65718996007304553000 0.01837631450844677200 0.75350094057292005000 0.74382043863297265000 -0.17734668520280353000 -0.64442168517161924000 -0.05800689496635937100 -0.00179467376062679080 0.58647749951955708000
temple0052.png 1520.400000 0.000000 302.320000 0.000000 1525.900000 246.870000 0.000000 0.000000 1.000000 0.10847204002101654000 0.98361776094118725000 -0.14397887655737707000 0.75177031506244740000 0.01359981962341879100 0.65928479301218457000 0.65044231867598168000 -0.17975301184474191000 -0.73797943386530540000 -0.05809943590649648000 -0.00057415383444301294 0.58582000732665407000
temple0053.png 1520.400000 0.000000 302.320000 0.000000 1525.900000 246.870000 0.000000 0.000000 1.000000 0.09343976044991392200 0.98335242736691753000 -0.15584291693450159000 0.83293481322054796000 0.00854166382610888240 0.55330519327431971000 0.54542516268715846000 -0.18150769562383026000 -0.81827033939708060000 -0.05821466304513264700 0.00054697786136956826 0.58500740987195943000
temple0054.png 1520.400000 0.000000 302.320000 0.000000 1525.900000 246.870000 0.000000 0.000000 1.000000 0.07696020733473872600 0.98318559576803610000 -0.16559954939928406000 0.89923509311540939000 0.00329210872029469690 0.43745332245840185000 0.43064297718262490000 -0.18257942461960402000 -0.88386162939051693000 -0.05835052018100621300 0.00154871499466835770 0.58405420776645178000
temple0055.png 1520.400000 0.000000 302.320000 0.000000 1525.900000 246.870000 0.000000 0.000000 1.000000 0.05932746295193329400 0.98312024330151082000 -0.17307466409173006000 0.94948800754006690000 -0.00205516590155378630 0.31379658989656145000 0.30814408265822768000 -0.18294907352565445000 -0.93358280876354183000 -0.05850458290518392700 0.00241318128358463700 0.58297741117073087000
temple0056.png 1520.400000 0.000000 302.320000 0.000000 1525.900000 246.870000 0.000000 0.000000 1.000000 0.04085617948912668300 0.98315753616677781000 -0.17813486934349265000 0.98279680502378086000 -0.00740473917804992600 0.18454162097682264000 0.18011444315379183000 -0.18261004604395678000 -0.96654661473268999000 -0.05867410200448930400 0.00312495052995923760 0.58179623526747692000
temple0057.png 1520.400000 0.000000 302.320000 0.000000 1525.900000 246.870000 0.000000 0.000000 1.000000 0.02187598221295046500 0.98329680886213122000 -0.18068986436368856000 0.99856708067455469000 -0.01266114646423924800 0.05199500709980022000 0.04883878372068523700 -0.18156839221560722000 -0.98216479887691122000 -0.05885605236275107100 0.00367132101070460210 0.58053175847405269000
temple0058.png 1520.400000 0.000000 302.320000 0.000000 1525.900000 246.870000 0.000000 0.000000 1.000000 0.00937296764199993530 0.98344162453868444000 -0.18098264724082042000 0.99925305205489368000 -0.01599729078633601100 -0.03517704715403165800 -0.03748980443482706500 -0.18051774929964823000 -0.98285698692700341000 -0.05897999019452389300 0.00393397678812165000 0.57967211354218562000
temple0059.png 1520.400000 0.000000 302.320000 0.000000 1525.900000 246.870000 0.000000 0.000000 1.000000 0.00312034182036119950 0.94971926903413040000 -0.31308716596532876000 0.99927729007597488000 -0.01482229493042255000 -0.03500281576403396100 -0.03788351891442290300 -0.31275167401354187000 -0.94907914812010674000 -0.05678752006644291500 0.00385782776124586960 0.58823898007289188000
temple0060.png 1520.400000 0.000000 302.320000 0.000000 1525.900000 246.870000 0.000000 0.000000 1.000000 0.02726228308529183400 0.94942920366848194000 -0.31279538862075601000 0.99857220280132397000 -0.01148591204872500900 0.05216924014129505800 0.04593825980039482200 -0.31377103283420110000 -0.94838674349690799000 -0.05654740703928663700 0.00359498117647905240 0.58907360301740397000
temple0061.png 1520.400000 0.000000 302.320000 0.000000 1525.900000 246.870000 0.000000 0.000000 1.000000 0.06474692711718516000 0.94913978264176224000 -0.30812579969166870000 0.98223299382606322000 -0.00611361254461404490 0.18756590729965558000 0.17614250273108581000 -0.31479564283579720000 -0.93267224788948577000 -0.05618696258750992300 0.00303456840913906780 0.59032710299499447000
temple0062.png 1520.400000 0.000000 302.320000 0.000000 1525.900000 246.870000 0.000000 0.000000 1.000000 0.10124861014570752000 0.94905566608007808000 -0.29839916491984675000 0.94759640602696560000 -0.00064637602225709931 0.31946929975009453000 0.30300127100119639000 -0.31510779882341411000 -0.89938718297089504000 -0.05585116946103686800 0.00230177414429296770 0.59149564927480369000
temple0063.png 1520.400000 0.000000 302.320000 0.000000 1525.900000 246.870000 0.000000 0.000000 1.000000 0.13608737487233144000 0.94917842091583648000 -0.28379667310959933000 0.89530765350694486000 0.00481395324521334020 0.44542230683480688000 0.42415142575764780000 -0.31470168592155995000 -0.84915158652968570000 -0.05554628285053807300 0.00141024895274626750 0.59255747405037162000
temple0064.png 1520.400000 0.000000 302.320000 0.000000 1525.900000 246.870000 0.000000 0.000000 1.000000 0.16861424102047451000 0.94950576045868285000 -0.26459034105739343000 0.82634077680213569000 0.01016565965375560200 0.56307866231801629000 0.53733616881718660000 -0.31358486924528495000 -0.78290125268854005000 -0.05527798221676251400 0.00037660026217127898 0.59349279753495965000
temple0065.png 1520.400000 0.000000 302.320000 0.000000 1525.900000 246.870000 0.000000 0.000000 1.000000 0.19822329461026875000 0.95003158699221657000 -0.24113794639355524000 0.74198049834945967000 0.01530905103768990700 0.67024665088712876000 0.64044708254697980000 -0.31177815297640071000 -0.70187029983016525000 -0.05505126549292857500 -0.00077991700785139638 0.59428419642155672000
temple0066.png 1520.400000 0.000000 302.320000 0.000000 1525.900000 246.870000 0.000000 0.000000 1.000000 0.22436297498969840000 0.95074610536291126000 -0.21387636286188372000 0.64379829053814708000 0.02014831574614089600 0.76492993566257628000 0.73156340569627432000 -0.30931519282093140000 -0.60756818130660739000 -0.05487035598268362500 -0.00203775912855694380 0.59491692844612609000
temple0067.png 1520.400000 0.000000 302.320000 0.000000 1525.900000 246.870000 0.000000 0.000000 1.000000 0.24654634936606715000 0.95163600544529381000 -0.18331342218831104000 0.53362310215214215000 0.02459330743283048500 0.84536474617707980000 0.80898781354467242000 -0.30624186906698292000 -0.50175156717898872000 -0.05473862368794697700 -0.00337349488090535980 0.59537920700809421000
temple0068.png 1520.400000 0.000000 302.320000 0.000000 1525.900000 246.870000 0.000000 0.000000 1.000000 0.26436018344271561000 0.95268471008440125000 -0.15001845413659676000 0.41350728851438040000 0.02856122431196439800 0.91005273408263898000 0.87127803585056518000 -0.30261543192177442000 -0.38639162077764999000 -0.05465852253214971400 -0.00476224203486348090 0.59566242073242082000
temple0069.png 1520.400000 0.000000 302.320000 0.000000 1525.900000 246.870000 0.000000 0.000000 1.000000 0.27747263919218251000 0.95387268389681568000 -0.11461168097192684000 0.28568837998991131000 0.03197815159885134000 0.95778888454557698000 0.91727372361714632000 -0.29850343504858812000 -0.26363727965848904000 -0.05463154464828369500 -0.00617813085827656830 0.59576129388322407000
temple0070.png 1520.400000 0.000000 302.320000 0.000000 1525.900000 246.870000 0.000000 0.000000 1.000000 0.28563945637086452000 0.95517779717789897000 -0.07775266389348803300 0.15254740102829625000 0.03478043840250520700 0.98768396339317033000 0.94611806419900313000 -0.29398247716982429000 -0.13577522496178965000 -0.05465819258328680200 -0.00759478602103638540 0.59567398464075916000
temple0071.png 1520.400000 0.000000 302.320000 0.000000 1525.900000 246.870000 0.000000 0.000000 1.000000 0.28870850262524678000 0.95657573813632402000 -0.04012801665713108800 0.01656451618270081800 0.03691588342132504100 0.99918108186397103000 0.95727374210072258000 -0.28913677517771796000 -0.00518728486867921740 -0.05473796993654424200 -0.00898581791758243380 0.59540211941103593000
temple0072.png 1520.400000 0.000000 302.320000 0.000000 1525.900000 246.870000 0.000000 0.000000 1.000000 0.28662260802507544000 0.95804046558647793000 -0.00243862005010798270 -0.11972715333720195000 0.03834470721843690600 0.99206607248816958000 0.95053295015095296000 -0.28405659599308231000 0.12569391771342289000 -0.05486939058689510600 -0.01032531408853875500 0.59495076259776902000
temple0073.png 1520.400000 0.000000 302.320000 0.000000 1525.900000 246.870000 0.000000 0.000000 1.000000 0.27942062830828585000 0.95954469480076943000 0.03461345338883609800 -0.25378878634975832000 0.03904029387421977000 0.96647147261433997000 0.92602125483107534000 -0.27883657244685983000 0.25443034698551120000 -0.05505000644978667900 -0.01158832259617102400 0.59432832200931573000
temple0074.png 1520.400000 0.000000 302.320000 0.000000 1525.900000 246.870000 0.000000 0.000000 1.000000 0.26723672266881277000 0.96106040465127385000 0.07033798880236691300 -0.38312305080906472000 0.03898968569680635200 0.92287406093573709000 0.88419526236911428000 -0.27357394433826127000 0.37862387006529186000 -0.05527645297985901700 -0.01275131580643088000 0.59354639258261443000
temple0075.png 1520.400000 0.000000 302.320000 0.000000 1525.900000 246.870000 0.000000 0.000000 1.000000 0.25029785421840278000 0.96255936033099621000 0.10406950568176376000 -0.50532069405133961000 0.03819382542079793900 0.86208597475147331000 0.82583411187546352000 -0.26836674447276265000 0.49596099657529047000 -0.05554451190666338800 -0.01379262935603848100 0.59261954018357887000
temple0076.png 1520.400000 0.000000 302.320000 0.000000 1525.900000 246.870000 0.000000 0.000000 1.000000 -0.20496095553006610000 0.95630836476782821000 -0.20848337627562738000 0.61808002394329831000 -0.03870188535040888800 -0.78516192474710289000 -0.75892561605894793000 -0.28978694854221160000 -0.58314272159064084000 -0.05917141587856472600 0.00225432608404698910 0.57996815305617966000
temple0077.png 1520.400000 0.000000 302.320000 0.000000 1525.900000 246.870000 0.000000 0.000000 1.000000 -0.17954147674270768000 0.95492585330940172000 -0.23639262427232999000 0.71935083713296066000 -0.03647360345911399700 -0.69368872656748248000 -0.67104338998693369000 -0.29459513053005226000 -0.68037818735084776000 -0.05883579459238015600 0.00299671521249526670 0.58113067686266939000
temple0078.png 1520.400000 0.000000 302.320000 0.000000 1525.900000 246.870000 0.000000 0.000000 1.000000 -0.15055432815573633000 0.95364086276594295000 -0.26058107977480416000 0.80722126874016342000 -0.03358483535587061800 -0.58929269648252014000 -0.57072516815635099000 -0.29906715583150728000 -0.76474284484116439000 -0.05847548190248375000 0.00356742797687772600 0.58237955899181704000
temple0079.png 1520.400000 0.000000 302.320000 0.000000 1525.900000 246.870000 0.000000 0.000000 1.000000 -0.11853948550752660000 0.95247733008024693000 -0.28059815761835544000 0.88005445886314615000 -0.03008939332528001400 -0.47391853502939818000 -0.45983968925127100000 -0.30311971907568330000 -0.83466514009917370000 -0.05809718975262492800 0.00395583307810599100 0.58369153513227412000
temple0080.png 1520.400000 0.000000 302.320000 0.000000 1525.900000 246.870000 0.000000 0.000000 1.000000 -0.08409332474882214000 0.95145692966499995000 -0.29607097751238748000 0.93649366296055436000 -0.02605239083946414900 -0.34971544456353515000 -0.34045253996322661000 -0.30667732867624786000 -0.88884255304783211000 -0.05770796500987751500 0.00415469526395459070 0.58504216565062717000
temple0081.png 1520.400000 0.000000 302.320000 0.000000 1525.900000 246.870000 0.000000 0.000000 1.000000 -0.04785751268703702200 0.95059866964947726000 -0.30671131009477653000 0.97548752543546469000 -0.02154902961726599600 -0.21899709368470496000 -0.21478767701896526000 -0.30967371309686309000 -0.92626586098031183000 -0.05731505819483782800 0.00416031010812177060 0.58640629085553098000
temple0082.png 1520.400000 0.000000 302.320000 0.000000 1525.900000 246.870000 0.000000 0.000000 1.000000 -0.01050705394758145300 0.94991853779405522000 -0.31232094609959615000 0.99630966440113222000 -0.01666319875849911100 -0.08419851796817627600 -0.08518599907405659300 -0.31205305536453082000 -0.94623793846971482000 -0.05692578841814301100 0.00397257301668323130 0.58775849967516058000
temple0083.png 1520.400000 0.000000 302.320000 0.000000 1525.900000 246.870000 0.000000 0.000000 1.000000 0.02726228308529176500 0.94942920366848194000 -0.31279538862075601000 0.99857220280132408000 -0.01148591204872501800 0.05216924014129481500 0.04593825980039458600 -0.31377103283420110000 -0.94838674349690799000 -0.05654740703928663700 0.00359498117647905420 0.58907360301740397000
temple0084.png 1520.400000 0.000000 302.320000 0.000000 1525.900000 246.870000 0.000000 0.000000 1.000000 0.03220347040168104100 0.89787485022073654000 -0.43907139491793135000 0.99858449494561541000 -0.01029795328550039100 0.05218197593364613100 0.04233134711178025700 -0.44013032785666989000 -0.89693553366587164000 -0.05309711084988978600 0.00351795455783107500 0.59722150472938340000
temple0085.png 1520.400000 0.000000 302.320000 0.000000 1525.900000 246.870000 0.000000 0.000000 1.000000 -0.02557054087605686900 0.89863870886686847000 -0.43794362464293662000 0.99578475555655999000 -0.01570446892498759600 -0.09036642217630312700 -0.08808443699353280000 -0.43840830350470283000 -0.89444915527807412000 -0.05367708316780615800 0.00390832166751415610 0.59591248230587701000
temple0086.png 1520.400000 0.000000 302.320000 0.000000 1525.900000 246.870000 0.000000 0.000000 1.000000 -0.08259198053476511600 0.89970639799615526000 -0.42861050168670478000 0.97271375385614056000 -0.02078785588760854300 -0.23107535157755638000 -0.21680986557451726000 -0.43600030097739595000 -0.87343987757439823000 -0.05427362264128110500 0.00409095616421828110 0.59456597594781047000
temple0087.png 1520.400000 0.000000 302.320000 0.000000 1525.900000 246.870000 0.000000 0.000000 1.000000 -0.13770006312300900000 0.90105618271899868000 -0.41126201891225711000 0.92984114246832494000 -0.02544463161780102100 -0.36708040058689390000 -0.34122447507340298000 -0.43295533985123780000 -0.83433538298766852000 -0.05487458552067357700 0.00406214011996592320 0.59320939647512061000
temple0088.png 1520.400000 0.000000 302.320000 0.000000 1525.900000 246.870000 0.000000 0.000000 1.000000 -0.18977293359968969000 0.90266058498273216000 -0.38625134561784963000 0.86803969454999930000 -0.02957999645854888000 -0.49561286554634137000 -0.45879551257451451000 -0.42933540749412236000 -0.77793173576692720000 -0.05546773778868345500 0.00382246015332536950 0.59187036026363871000
temple0089.png 1520.400000 0.000000 302.320000 0.000000 1525.900000 246.870000 0.000000 0.000000 1.000000 -0.23775054541039700000 0.90448694393366691000 -0.35408762532824334000 0.78856750526068575000 -0.03310976690809702000 -0.61405621321034576000 -0.56712958642976552000 -0.42521419495217611000 -0.70537714777782212000 -0.05604100464960970500 0.00337679546645303430 0.59057612606220811000
temple0090.png 1520.400000 0.000000 302.320000 0.000000 1525.900000 246.870000 0.000000 0.000000 1.000000 0.34041237910874927000 0.91847441770484217000 0.20130612551850549000 -0.58340478621015202000 0.03841597213235323900 0.81127249954143821000 0.73739966610828345000 -0.39361015879532052000 0.54891964376993696000 -0.05189997461675104100 -0.01450001266192089600 0.59991632466253442000
temple0091.png 1520.400000 0.000000 302.320000 0.000000 1525.900000 246.870000 0.000000 0.000000 1.000000 0.37067488152042904000 0.91621947778206714000 0.15212495108486321000 -0.46189489750236712000 0.03975416951795630900 0.88604328882240002000 0.80576251828382650000 -0.39869972979511004000 0.43793297385583180000 -0.05145359032982892200 -0.01350659647063835400 0.60092437198999515000
temple0092.png 1520.400000 0.000000 302.320000 0.000000 1525.900000 246.870000 0.000000 0.000000 1.000000 0.39362354412374823000 0.91391047431835803000 0.09913702861521284100 -0.33098210181914756000 0.04028651769653325600 0.94277666749197087000 0.85761958570617947000 -0.40391167527453425000 0.31834573154053769000 -0.05106903705572482500 -0.01236639524783822100 0.60179290786342721000
temple0093.png 1520.400000 0.000000 302.320000 0.000000 1525.900000 246.870000 0.000000 0.000000 1.000000 0.40879119274717191000 0.91159441252699769000 0.04342105228921142700 -0.19333143798753918000 0.04000217946490613300 0.98031769377264999000 0.89191519541827224000 -0.40913989378648397000 0.19259239729119593000 -0.05075414328363421500 -0.01110262047956010700 0.60250425118593476000
temple0094.png 1520.400000 0.000000 302.320000 0.000000 1525.900000 246.870000 0.000000 0.000000 1.000000 0.41586906108118532000 0.90931844046513788000 -0.01388876760201349800 -0.05174506096870541700 0.03890694324395085200 0.99790214872639527000 0.90795119510951583000 -0.41427795451539712000 0.06323293209823747900 -0.05051531929144127700 -0.00974099884368726310 0.60304392117452954000
temple0095.png 1520.400000 0.000000 302.320000 0.000000 1525.900000 246.870000 0.000000 0.000000 1.000000 0.41471306414378745000 0.90712889035854094000 -0.07162576844511292500 0.09089473903052824900 0.03702310488373634900 0.99517206357561094000 0.90540113808468503000 -0.41922126136641735000 -0.06709927848574115400 -0.05035742684669981800 -0.00830924902890367060 0.60340093170501108000
temple0096.png 1520.400000 0.000000 302.320000 0.000000 1525.900000 246.870000 0.000000 0.000000 1.000000 0.40534673469795973000 0.90507033513125845000 -0.12861459145483164000 0.23168422715022777000 0.03438901389903386400 0.97218301497858595000 0.88431693614874485000 -0.42386918287184261000 -0.19575104661802711000 -0.05028368018411796800 -0.00683651733131962740 0.60356801507283442000
temple0097.png 1520.400000 0.000000 302.320000 0.000000 1525.900000 246.870000 0.000000 0.000000 1.000000 0.38796074159024463000 0.90318468081117742000 -0.18369511515758633000 0.36775735177155222000 0.03105829233678742200 0.92940298724240022000 0.84512779696488638000 -0.42812710125047465000 -0.32010340824824673000 -0.05029558057970787100 -0.00535278413917479250 0.60354176992756969000
temple0098.png 1520.400000 0.000000 302.320000 0.000000 1525.900000 246.870000 0.000000 0.000000 1.000000 0.36290901773023265000 0.90151031434092777000 -0.23574604553841244000 0.49634402339682698000 0.02709874489278051000 0.86770286876527369000 0.78863150792263415000 -0.43190833652773780000 -0.43762487766295333000 -0.05039288577283992900 -0.00388825434226169110 0.60332273055107055000

